88
26
230 3
32 37
1 176
124 34
196 25
23 82
76 86
220 2
62 1
109 8
166 43
132 76
39 161
104 26
97 94
13 211
130 103
177 4
211 15
40 147
76 5
236 1
214 8
217 3
173 45
88 69
84
66 88
175 3
155 19
41 129
49 0
168 35
47 22
83 53
195 18
63 41
2 18
189 42
214 24
190 3
26 136
203 33
104 32
64 158
2 80
56 88
239 0
154 5
68 2
167 24
134 40
218 12
152 59
228 10
157 26
21 102
159 1
12 20
93 45
123 105
236 0
194 8
89 33
162 10
65 143
118 110
103 34
216 7
178 45
155 56
139 67
97 118
150 51
225 1
71 59
68 51
62 132
47 118
168 43
154 33
193 19
149 69
238 1
149 39
209 10
82 83
73 18
35 76
226 12
128 94
61 57
215 16
200 38
221 11
227 7
103 86
60 109
50 177
68 124
15 217
149 69
212 2
179 13
134 102
212 16
206 26
179 26
172 4
207 26
169 33
92
166 12
185 30
84 104
24 115
78 54
18 198
83 46
88 1
125 99
25 39
53 132
199 21
3 206
64 20
78 135
90 16
168 41
223 5
154 40
95 134
237 0
134 82
188 43
96 131
211 26
209 8
31 125
198 40
193 24
129 47
136 35
133 85
115 19
139 75
153 49
222 4
24 36
34 174
131 87
124 4
203 5
33 113
148 56
135 30
90 52
9 207
83 77
93 126
191 37
202 32
148 53
74 102
108 109
89 37
163 25
137 35
229 3
189 21
114 0
180 18
84 29
199 36
131 75
197 11
183 43
145 30
174 5
175 34
130 52
134 56
15 140
62 28
185 15
179 7
8 42
103 107
106 114
139 61
229 8
67 45
212 27
179 17
84 100
10 211
125 5
56 111
124 53
123 11
219 16
13 103
115 47
73 134
69
212 2
110 116
181 19
127 94
80 54
7 177
83 2
133 98
105 32
215 13
64 64
145 38
195 22
18 201
1 119
52 173
157 43
112 89
140 5
71 25
56 79
171 8
3 203
136 44
120 11
137 6
225 6
144 84
201 16
188 10
149 86
134 29
209 13
171 20
159 64
42 106
208 14
49 78
132 35
192 37
6 13
124 106
56 30
91 80
121 43
112 82
124 109
84 106
24 150
112 57
66 36
21 50
96 73
54 177
9 27
31 27
217 11
160 71
13 9
212 19
94 121
191 34
75 71
36 87
138 39
136 22
206 13
146 61
71 27
42
79 124
88 144
10 122
229 0
148 72
140 33
120 65
60 98
121 85
178 25
25 11
231 3
6 186
56 51
210 17
232 7
189 12
133 105
6 22
181 7
213 26
15 93
125 35
16 60
33 117
25 3
133 20
236 2
112 47
98 37
3 160
151 73
7 58
211 15
52 109
212 0
73 166
139 58
53 163
107 90
86 48
25 96
73
64 10
223 0
122 8
23 134
33 84
155 76
64 86
112 78
146 93
176 56
112 95
120 74
48 68
72 3
189 46
231 4
97 75
183 44
115 120
57 27
76 61
167 45
224 5
229 1
122 73
67 151
216 21
187 7
1 12
206 12
146 47
48 180
58 82
196 34
15 56
138 36
62 148
235 2
55 44
97 101
223 3
121 89
9 86
71 87
86 59
32 150
31 160
100 29
136 66
160 69
80 118
81 54
26 113
198 16
129 14
41 76
59 120
167 28
153 61
75 117
178 25
199 11
61 97
5 197
197 1
173 59
109 38
186 44
149 80
13 26
140 45
211 0
187 49
55
204 28
57 38
0 22
200 11
224 15
167 56
214 6
43 84
63 52
196 6
64 72
142 95
61 123
97 118
153 39
118 70
1 95
168 14
140 50
173 3
149 80
89 138
109 22
166 9
224 0
35 144
118 35
90 136
205 1
82 113
52 124
25 192
121 49
94 54
225 11
76 137
26 88
81 157
46 47
39 161
84 6
203 19
217 7
103 58
175 17
224 8
95 81
25 21
159 12
159 33
143 4
221 0
227 10
223 3
116 18
98
216 4
131 79
34 101
175 20
125 30
50 11
13 160
212 5
97 11
185 28
56 118
3 214
234 2
87 150
82 122
118 59
92 50
8 4
204 11
118 72
111 17
34 39
220 16
208 22
15 89
13 60
58 15
221 10
8 131
166 20
90 58
40 72
219 7
176 47
3 229
208 10
103 34
217 16
163 67
82 127
83 61
102 98
14 54
124 90
81 150
99 97
224 8
236 1
82 18
101 3
27 104
130 3
23 113
155 24
32 46
110 88
128 25
154 5
83 141
225 14
238 1
110 11
20 67
217 10
230 1
92 121
76 97
18 96
78 43
82 7
185 7
65 79
232 5
233 0
221 11
97 73
64 14
114 1
147 55
130 36
89 134
209 5
82 26
9 160
103 127
171 67
107 130
61 126
28 211
36 167
94 20
1 231
194 1
177 19
110 64
159 66
76 22
113 47
31
84 96
123 102
202 24
133 97
220 13
154 69
168 9
71 18
11 208
215 21
206 12
10 29
155 58
146 7
82 140
201 32
63 64
71 132
153 35
132 42
235 4
214 2
150 23
69 145
88 111
65 141
138 95
4 30
182 49
217 6
221 9
2
52 95
117 66
46
202 8
167 6
190 38
78 120
180 31
149 42
106 26
95 89
230 7
153 10
226 9
196 14
10 138
20 25
100 82
207 6
75 56
216 11
223 2
1 117
228 11
117 29
42 151
62 65
222 1
189 38
91 146
206 29
104 5
141 60
208 16
159 57
124 15
161 44
232 4
76 84
136 35
23 153
151 5
47 158
43 119
63 151
100 112
69 45
165 42
178 24
1
29 67
56
207 21
94 58
201 0
148 33
93 51
46 91
92 91
37 90
45 96
183 13
97 20
45 69
174 32
177 29
129 92
176 42
174 38
147 35
11 25
181 49
226 1
205 20
106 73
122 31
132 16
100 81
86 122
98 97
181 25
232 7
37 0
167 47
191 9
41 152
199 12
2 102
185 2
102 89
23 152
120 80
79 110
185 42
85 85
35 123
97 134
125 61
16 102
46 11
94 141
36 186
67 12
114 118
177 30
83 81
6 226
83 47
23
39 76
173 10
90 70
156 24
88 142
158 8
226 8
131 54
187 43
206 8
193 27
221 13
38 147
149 13
176 11
202 25
129 41
217 21
113 49
131 16
120 30
219 3
83 60
32
155 37
158 71
153 57
200 16
26 57
183 29
63 144
204 35
141 50
73 54
212 2
12 195
158 49
99 34
43 105
50 164
231 8
234 1
18 21
49 101
56 21
191 48
57 176
68 46
156 62
78 97
137 15
219 14
67 149
28 155
145 82
133 52
32
36 159
227 0
204 17
13 39
105 27
134 19
87 24
217 8
33 19
228 11
211 21
28 156
137 21
168 59
1 111
139 86
199 11
148 52
81 96
79 97
192 36
32 112
212 25
220 12
178 56
112 77
32 180
60 139
83 12
164 69
36 81
169 43
64
62 145
193 45
20 16
141 40
123 39
62 119
107 19
147 85
216 8
230 8
109 9
50 171
9 205
78 125
62 144
166 62
4 105
150 82
27 24
158 30
98 106
36 73
125 4
216 15
144 50
60 157
179 49
34 133
225 14
235 4
118 28
0 54
219 8
228 5
116 1
194 36
18 96
107 49
131 7
76 82
25 74
78 120
136 101
55 170
111 52
224 4
207 23
64 164
109 14
53 43
46 52
2 207
223 7
86 152
224 3
18 194
43 141
234 1
95 83
158 6
13 6
218 13
208 30
61 91
45
55 100
149 45
19 133
138 74
239 0
104 46
164 59
204 14
144 40
74 154
33 173
121 82
23 124
98 35
14 32
64 50
207 31
169 49
236 1
151 86
223 15
96 7
54 107
89 36
14 26
64 86
227 2
191 44
151 86
83 140
198 6
85 108
92 14
23 171
141 89
114 55
208 14
49 2
228 1
137 57
209 10
149 74
174 52
238 0
83 92
19
151 50
63 88
8 13
208 11
175 31
199 18
52 134
148 53
117 117
217 5
229 7
114 42
232 1
203 31
209 17
30 54
197 33
203 11
145 49
69
0 20
182 7
192 10
102 122
231 3
37 141
195 1
74 8
90 31
184 45
55 163
14 19
40 8
25 186
68 107
123 17
13 37
104 80
47 183
49 166
130 6
212 8
172 10
75 30
123 103
0 234
88 114
113 108
6 140
49 9
112 116
43 36
30 6
108 121
129 34
196 36
109 49
138 14
166 12
93 68
53 88
38 101
55 161
107 34
124 90
98 51
177 15
124 13
53 37
25 143
33 147
193 36
166 46
125 75
192 27
176 16
191 2
138 12
30 67
8 61
229 7
201 22
126 13
54 77
191 9
33 11
188 33
120 63
4 127
28
159 74
94 67
97 63
178 7
27 82
209 29
83 122
11 2
215 11
66 105
100 9
1 143
3 175
46 75
174 13
75 158
18 70
89 95
22 80
104 100
188 38
27 14
222 7
190 49
64 59
145 32
65 32
47 9
18
18 55
103 58
206 11
237 1
171 28
20 139
1 191
15 134
5 14
86 120
204 10
86 39
57 72
18 180
168 52
146 14
139 61
4 70
2
168 37
136 78
26
178 26
57 71
63 27
17 96
60 93
88 15
180 51
23 147
90 74
227 1
98 67
122 107
167 41
202 24
178 12
210 10
39 173
43 3
114 38
99 66
122 21
40 120
182 7
67 72
195 2
205 17
70
45 39
107 128
67 12
182 1
93 44
223 15
138 55
1 172
80 72
196 32
60 57
25 23
122 15
36 145
9 146
236 2
145 78
234 5
176 0
47 185
157 42
29 57
57 135
171 50
66 114
2 129
9 99
216 0
156 40
139 33
101 127
7 101
48 128
158 11
229 1
199 21
152 55
155 45
215 14
101 49
131 41
115 107
94 2
4 188
192 18
96 131
37 33
150 6
158 1
235 0
19 78
46 104
113 37
212 6
205 11
80 47
215 14
15 123
13 175
157 56
107 55
145 68
147 26
234 4
176 62
104 125
1 108
53 113
82 119
191 6
2
194 43
238 1
30
12 203
140 97
143 71
228 1
220 6
56 58
170 1
104 80
1 237
104 42
173 39
141 67
18 94
6 95
8 32
73 116
177 26
87 25
224 15
110 86
209 19
48 167
1 237
122 66
19 192
193 3
21 172
116 46
69 62
46 168
70
67 139
67 25
149 60
72 85
193 2
129 25
88 105
5 153
214 4
59 55
83 51
182 43
92 34
201 25
149 20
169 17
55 177
29 147
221 10
219 12
50 69
66 41
191 48
173 49
238 1
95 80
227 5
13 165
123 76
215 3
239 0
159 48
62 93
168 24
12 147
59 172
105 68
43 7
203 36
23 206
80 59
238 0
1 187
220 6
161 2
234 1
139 99
14 37
77 110
27 118
84 60
50 63
93 90
120 54
173 45
202 34
84 39
70 40
219 11
237 2
196 17
134 35
148 86
215 11
46 117
137 98
193 31
123 92
216 15
31 179
85
53 7
122 116
91 116
4 85
41 155
42 194
149 50
235 0
29 170
162 25
211 8
217 18
81 74
90 72
122 73
204 11
104 21
143 29
12 196
184 14
211 26
5 225
222 0
171 60
15 70
187 33
109 112
220 5
183 31
202 10
81 10
131 72
144 86
235 0
170 59
113 47
145 48
49 124
130 32
47 20
33 198
124 47
191 16
22 126
201 12
0 159
30 20
60 39
19 17
71 72
41 66
5 173
204 23
162 57
78 2
155 71
173 24
108 51
235 4
206 10
16 82
134 59
179 43
134 105
215 20
56 3
171 58
131 28
164 72
95 123
116 73
26 138
70 36
113 70
189 21
111 67
136 94
55 0
69 156
24 130
129 70
113 119
216 7
10 67
26 179
63
74 66
165 56
82 92
78 97
120 81
21 99
194 30
109 3
93 3
221 0
104 88
212 15
169 18
18 74
70 76
43 10
38 44
37 115
98 110
100 5
231 5
31 128
235 1
46 123
107 93
44 77
45 76
138 39
19 77
202 12
214 8
172 7
165 55
115 85
49 57
175 56
188 3
24 190
233 0
171 50
29 135
213 23
19 215
56 149
8 163
78 86
112 125
71 66
140 27
131 78
173 22
0 208
60 138
201 3
239 0
184 0
82 1
105 110
152 2
52 115
104 45
167 65
75 38
35
222 11
158 77
33 95
209 27
158 64
132 53
121 21
74 94
156 14
102 107
158 70
66 118
170 25
227 9
87 137
178 47
97 27
106 96
81 76
151 49
113 77
74 6
20 121
58 66
30 183
138 20
100 46
116 30
53 161
103 42
52 178
2 219
158 41
59 60
194 17
17
210 19
38 37
39 200
157 69
116 45
16 116
144 60
159 61
38 165
239 0
131 37
40 99
115 26
227 4
21 165
168 0
186 30
16
14 132
42 138
193 5
2 181
21 73
57 8
154 64
206 30
15 37
147 35
0 106
139 59
35 136
152 14
234 2
239 0
18
5 180
98 96
38 80
168 33
110 19
103 13
33 25
119 52
228 4
62 98
49 142
35 160
126 86
139 10
75 135
212 20
62 147
149 29
56
152 24
163 27
56 49
87 87
225 2
108 4
239 0
23 156
196 7
190 17
48 141
109 10
184 21
230 7
179 12
99 125
25 84
76 31
26 55
120 45
188 45
28 102
31 76
203 10
76 42
106 81
86 80
187 21
235 4
162 38
27 5
97 5
143 6
135 7
57 75
38 21
235 0
176 34
209 29
3 122
218 0
211 10
144 9
205 11
127 6
68 41
152 85
25 86
44 73
38 33
183 23
170 46
203 28
78 145
175 43
200 20
67
169 36
24 4
145 85
117 40
94 69
150 19
141 5
117 85
155 20
43 42
43 5
67 120
222 8
47 30
31 75
101 94
128 59
110 78
128 1
26 160
161 26
89 15
147 53
62 124
201 7
20 150
157 29
210 29
197 35
101 67
38 72
75 26
191 0
131 82
1 107
239 0
91 19
223 16
88 25
53 49
54 24
114 121
100 131
171 62
168 39
151 73
91 130
170 56
33 0
49 98
93 40
126 12
62 13
199 14
180 35
158 13
11 213
102 27
168 9
128 76
18 63
89 114
225 10
126 23
32 104
29 126
32 143
13
122 62
49 11
57 170
89 138
20 113
35 80
228 8
179 13
55 42
149 63
54 24
116 71
14 33
66
177 40
6 155
211 11
71 90
70 46
70 81
48 8
0 196
64 62
235 0
213 15
26 5
113 104
28 209
39 50
82 99
140 34
152 10
141 38
191 16
44 8
236 3
225 13
228 6
54 158
179 25
19 37
132 43
50 85
199 38
142 47
68 50
164 9
171 13
144 85
182 44
126 63
221 6
97 137
3 151
22 45
51 106
120 65
2 223
109 94
40 76
56 71
122 57
200 25
35 76
239 0
234 5
199 29
131 13
165 67
114 61
29 97
193 1
169 48
18 33
174 14
192 28
124 38
7 30
230 7
112 15
20
67 153
208 7
34 42
4 162
208 3
162 56
57 112
167 31
110 69
157 24
63 12
189 48
158 2
13 71
108 94
135 60
2 76
202 17
225 4
135 104
35
165 11
207 22
122 89
219 5
127 62
8 178
145 8
65 161
233 2
141 6
8 97
37 74
87 43
120 12
123 18
8 125
53 76
138 37
222 6
163 35
161 42
221 5
127 55
97 126
24 114
119 41
234 3
6 147
56 92
70 80
74 151
84 149
239 0
29 127
212 2
95
48 21
75 79
92 143
99 117
94 110
152 43
88 14
124 71
129 18
166 62
217 20
233 1
201 4
19 97
20 111
159 21
122 6
198 32
46 73
41 150
197 22
216 20
49 145
123 55
115 37
27 210
173 34
64 78
76 43
185 8
207 25
55 83
190 16
0 80
215 17
228 6
160 6
37 4
26 9
197 18
203 25
191 8
64 168
77 75
71 89
106 85
214 0
160 4
16 21
125 113
219 5
68 168
99 6
198 1
125 36
20 78
13 143
57 111
209 12
66 155
206 33
9 133
76 13
236 0
6 131
17 179
47 99
17 124
35 18
88 39
97 139
89 25
132 3
77 19
218 10
82 12
34 127
167 39
161 48
224 10
61 134
1 10
141 45
238 1
186 47
83 146
147 56
179 57
64 113
58 18
75 68
161 22
31 9
146 38
24 40
60
30 94
141 84
151 86
77 122
52 20
15 146
81 133
131 95
102 27
31 187
79 158
223 6
90 92
164 13
145 23
54 63
122 5
53 52
133 18
28 94
227 0
133 23
60 132
80 24
27 94
44 44
120 62
47 149
178 26
223 10
32 192
121 4
150 37
211 27
174 46
108 92
150 24
142 42
68 99
66 60
72 115
81 1
144 65
172 3
105 75
106 72
130 42
49 23
189 38
141 60
48 185
57 44
127 51
237 1
160 38
142 96
76 121
54 49
15 166
200 36
6
151 69
204 7
117 100
8 107
11 56
39 113
77
150 2
17 138
150 66
164 8
27 130
195 10
169 22
88 52
3 108
69 22
165 54
172 16
185 27
196 37
128 85
91 124
88 140
2 209
68 167
188 35
192 12
124 38
9 39
75 69
47 58
135 29
97 53
171 34
130 4
97 131
20 62
15 125
216 3
139 58
117 99
136 88
44 166
200 16
27 173
98 46
189 37
69 68
141 18
6 69
49 142
229 1
17 140
218 5
141 27
49 50
123 45
4 3
182 55
52 23
60 42
113 1
193 13
191 1
233 2
231 4
100 44
27 47
107 96
239 0
107 12
122 62
112 116
167 9
85 113
235 2
84 95
22 108
3 200
205 25
224 15
24 15
15 180
98
66 76
3 16
77 80
183 39
117 121
205 29
125 60
128 52
2 147
209 15
233 5
13 109
87 120
29 119
60 46
59 173
44 38
228 0
82 95
45 127
141 68
145 29
38 27
207 22
223 11
149 38
173 46
64 112
213 4
11 188
218 8
99 87
108 91
67 23
19 220
18 35
52 66
123 0
17 97
87 108
187 37
29 1
24 141
200 26
201 28
231 7
23 157
164 67
89 6
233 3
96 76
85 124
169 29
41 109
189 10
127 86
31 68
230 9
29 91
174 21
239 0
153 24
60 174
199 21
30 190
196 14
173 37
195 42
221 12
71 117
179 52
164 42
84 141
60 130
5 140
181 28
140 5
207 19
194 21
239 0
222 13
189 11
190 44
128 71
5 10
185 47
42 54
76 38
44 142
204 27
121 92
179 1
99 6
170 25
168 36
140 4
225 9
115 92
100
15 142
27 44
37 52
222 7
9 41
176 29
76 142
96 73
236 0
86 55
44 10
97 91
173 36
192 10
1 50
213 12
121 75
156 34
177 49
84 59
84 85
217 17
121 11
219 8
44 34
229 5
156 8
2 47
22 192
123 89
120 92
66 13
215 22
35 82
69 72
136 17
164 10
88 142
200 25
20 67
3 20
93 109
212 13
60 17
97 9
84 128
191 48
198 22
139 25
57 7
18 200
140 87
102 60
151 75
203 18
132 53
7 174
66 119
6 135
90 100
27 117
7 206
33 186
225 7
64 56
67 141
135 61
116 29
210 16
155 27
1 136
121 49
186 1
157 82
203 4
233 0
79 136
7 116
122 30
21 36
195 9
197 3
96 22
189 0
127 53
167 25
35 178
76 149
84 126
59 59
182 21
186 39
110 41
79 160
106 15
6 122
32 119
204 4
96 86
205 17
46
23 132
138 93
153 28
21 68
146 92
176 26
115 1
158 56
81 61
232 7
48 42
78 78
219 4
236 1
204 24
190 38
87 97
46 114
48 78
197 9
185 0
200 26
70 145
157 7
46 70
15 197
213 15
144 77
110 19
42 117
59 129
194 13
47 51
130 14
15 144
149 15
47 0
77 150
209 5
3 121
18 145
62 6
117 35
135 25
191 23
233 0
48
219 17
145 13
186 8
2 94
10 73
217 22
43 174
44 123
206 3
211 13
48 183
41 2
159 0
114 12
120 83
77 51
180 39
68 117
59 130
150 53
128 10
8 230
212 25
201 32
218 15
225 8
22 25
19 213
217 22
11 188
159 14
102 47
13 53
80 44
29 6
195 11
116 9
75 82
206 9
20 130
63 5
209 7
225 9
181 45
140 36
75 87
11 32
201 21
25
81 34
71 127
77 123
212 16
154 43
44 166
237 2
118 70
121 52
121 77
218 13
116 108
33 42
93 138
63 21
15 39
129 27
125 27
189 37
226 10
237 1
71 37
24 212
143 8
84 81
98
129 8
213 0
139 90
238 1
93 69
168 9
94 53
140 36
139 41
61 92
180 0
17 50
149 86
29 39
44 64
210 4
205 25
13 109
43 20
226 4
191 9
20 190
196 7
104 37
11 158
131 104
23 146
204 4
190 30
164 24
151 50
126 24
238 0
27 0
163 13
13 213
69 45
134 17
220 14
34 124
21 212
52 181
204 15
78 101
93 36
1 198
115 20
220 16
26 64
39 41
191 7
2 235
174 36
126 74
133 54
36 148
203 20
7 209
137 92
175 13
3 122
85 116
202 34
112 79
204 29
16 131
82 16
234 4
229 7
50 70
16 112
59 74
88 116
97 16
78 101
119 90
200 16
126 90
95 143
213 20
159 1
129 83
33 135
114 57
239 0
185 40
106 118
94 66
157 55
78 25
110 3
33 68
126 110
139 39
146 70
0 26
31 205
141 30
24
171 36
151 80
166 20
39 135
226 5
85 59
235 2
181 39
183 27
183 55
211 16
127 77
88 40
234 5
46 58
37 4
220 15
226 1
167 39
184 21
234 3
27 72
181 47
38 79
80
28 8
85 55
132 103
169 29
113 26
141 65
113 38
237 2
224 13
87 125
165 63
197 19
90 55
41 181
112 64
151 24
47 44
18 58
79 45
215 3
184 13
181 16
170 60
8 108
30 101
197 31
78 12
21 7
131 101
235 2
98 11
26 104
59 165
223 8
51 15
142 92
21 149
29 70
144 85
11 21
234 0
199 37
27 148
163 47
213 24
137 18
148 85
165 42
106 47
84 83
94 33
64 30
19 75
61 96
86 18
166 45
147 80
150 45
235 0
229 2
104 44
146 60
86 22
187 45
26 5
181 21
224 12
60 45
116 9
59 154
22 134
227 12
36 103
28 89
62 109
122 36
63 79
39 194
223 1
215 22
30
238 0
47 1
187 30
166 72
45 34
210 16
191 38
195 34
161 49
26 153
134 84
19 67
23 196
130 109
130 62
155 60
134 16
24 144
180 5
216 22
102 120
17 150
152 62
239 0
211 26
189 28
76 131
162 69
96 17
151 56
4
97 25
163 31
47 31
82 41
68
11 92
218 6
91 62
111 103
5 23
171 19
98 106
60 67
101 117
74 151
79 54
41 124
18 161
226 9
191 48
133 103
182 40
109 87
57 45
8 214
13 28
12 131
227 3
126 9
230 4
186 23
8 220
195 6
55 33
41 66
17 217
117 77
115 114
189 10
42 8
77 159
27 203
14 20
38 34
85 129
6 211
118 103
173 34
36 30
236 0
165 46
230 2
29 142
165 22
155 65
137 94
220 10
184 45
74 31
157 3
163 71
188 14
207 1
139 60
94 21
218 17
165 59
42 131
94 80
13 156
239 0
110 12
49 20
99
208 0
184 12
183 24
205 0
8 3
8 58
103 95
232 1
199 15
86 67
86 54
18 106
209 17
139 54
237 0
76 84
166 73
58 165
150 88
35 195
87 36
34 102
86 102
150 4
134 58
38 195
203 22
39 56
109 78
3 193
209 1
228 9
14 73
156 67
53 90
122 30
87 104
207 32
201 3
176 11
57 64
152 8
23 11
97 24
143 5
205 8
235 4
101 12
175 20
203 10
121 60
221 5
153 53
30 7
147 1
26 55
113 102
173 35
134 96
178 40
105 59
159 9
207 3
93 50
169 41
2 71
92 100
65 87
11 227
190 3
56 133
32 10
172 63
115 11
126 22
34 183
22 197
33 62
183 45
122 25
224 2
18 186
227 2
89 143
6 43
93 35
189 7
239 0
72 149
177 21
146 33
29 153
19 180
106 90
19 208
139 58
68 7
89 100
19 70
35
147 53
54 100
35 76
90 4
157 61
205 27
178 13
66 107
182 41
100 69
21 55
32 185
198 25
81 42
18 83
58 113
21 48
157 11
219 15
234 2
56 175
76 69
54 55
201 7
2 151
34 27
46 84
33 188
157 43
101 10
77 102
196 10
232 3
51 116
159 8
42
185 14
86 48
29 111
11 102
95 43
18 140
200 36
203 1
186 27
56 75
94 45
151 49
209 25
189 0
138 34
101 56
184 12
89 14
87 42
131 2
33 199
6 92
59 171
236 2
29 140
105 99
103 61
167 48
68 82
78 160
35 175
104 74
144 35
184 35
147 79
43 20
41 17
58 94
144 42
132 82
54 45
14 55
68
32 184
90 124
167 43
192 43
25 178
65 13
203 3
72 142
200 31
55 57
88 139
65 13
83 96
9 220
68 123
104 57
119 10
112 122
221 4
107 46
91 35
16 37
120 51
68 14
187 7
94 29
199 20
226 12
230 7
41 116
166 8
150 56
119 0
41 189
203 8
48 17
131 67
146 0
139 7
43 8
204 23
70 40
212 8
122 25
237 0
196 6
125 90
127 76
157 42
190 23
137 77
35 164
187 32
183 20
209 26
232 1
11 14
58 123
119 32
1 201
102 114
110 112
184 2
163 55
129 99
118 49
46 157
22 175
24
23 2
39 96
52 101
159 42
75 95
3 190
99 70
207 16
115 41
114 110
180 57
193 12
137 24
92 55
23 79
104 2
182 8
223 15
89 86
177 3
78 82
109 18
160 19
157 46
92
40 58
226 1
25 95
146 64
142 51
224 4
72 124
127 49
16 84
47 15
30 57
141 9
13 129
74 54
129 109
5 228
12 3
110 94
5 24
157 53
77 59
187 27
193 35
6 54
109 90
31 140
237 2
121 110
44 135
149 30
216 1
58 153
86 123
199 25
237 1
188 37
55 118
231 0
20 11
45 109
21 93
26 52
73 79
168 10
182 30
100 10
57 27
40 19
186 17
51 99
72 93
16 206
64 157
232 7
162 76
180 33
197 13
104 44
126 90
219 20
32 149
194 23
123 85
120 23
118 15
94 2
207 0
37 114
59 178
67 95
93 47
191 11
97 106
60 84
55 84
180 19
170 20
215 1
170 66
3 3
228 0
88 143
1 123
73 108
130 97
209 27
114 56
35 110
22 0
230 3
125 93
208 10
67
202 29
157 77
178 31
3 15
61 28
237 1
208 20
155 51
28 37
215 10
194 13
43 140
145 9
190 46
67 142
125 73
109 54
166 12
43 55
192 34
206 3
180 23
38 109
54 114
202 16
97 18
120 56
172 13
152 61
172 62
31 23
197 7
106 97
19 149
61 148
85 140
189 16
204 4
92 52
217 8
150 47
104 61
38 153
135 8
179 59
89 84
23 75
195 29
132 67
157 44
50 47
59 159
104 25
27 155
212 11
92 8
52 52
64 153
200 32
142 40
101 116
172 0
79 136
177 37
161 63
100 5
230 8
54
80 58
183 54
141 65
4 136
239 0
197 29
54 77
121 60
180 52
214 19
91 115
234 5
160 40
56 33
150 27
14 135
131 51
224 15
17 202
128 46
224 13
60 55
122 69
10 40
40 80
160 13
16 60
189 47
31 140
108 13
207 3
178 6
130 98
198 9
57 65
52 61
111 110
211 12
205 34
87 82
77 91
184 53
174 59
13 101
234 1
32 187
70 114
207 15
187 44
45 51
151 14
0 222
68 111
109 27
10
223 2
212 6
57 21
81 123
148 17
96 138
47 114
128 57
9 27
37 165
35
146 77
141 97
27 27
13 158
89 115
179 34
29 178
79 32
156 80
210 13
1 234
170 49
39 23
149 46
69 149
212 16
16 19
204 28
71 101
30 60
68 33
59 118
44 93
145 71
176 30
220 6
194 18
20 207
134 44
94 116
142 36
20 177
171 41
148 26
174 45
17
162 51
30 65
0 234
88 120
161 20
170 43
103 124
53 78
69 162
224 1
6 81
107 77
167 27
29 180
64 96
118 61
137 0
79
176 4
129 78
0 46
160 60
91 136
92 133
191 9
102 85
172 66
133 80
135 85
119 82
19 45
50 45
64 96
111 37
13 123
4 193
180 22
111 35
86 14
143 92
75 131
205 25
202 17
186 7
4 223
50 126
172 51
15 35
123 27
123 69
115 46
31 128
128 68
26 97
206 27
151 16
114 18
70 55
127 85
20 19
149 31
162 27
225 3
36 184
74 161
104 134
211 18
191 25
160 2
159 63
6 215
30 68
196 37
172 43
41 41
148 6
172 4
101 26
131 1
58 16
239 0
150 10
169 58
197 31
229 6
35 112
98 64
153 27
99 26
77 6
153 26
155 84
55 105
89 47
46 5
145 5
104 124
63
176 35
27 25
179 31
78 136
7 153
183 35
206 31
41 10
67 80
82 63
82 110
23 18
171 31
190 42
151 57
127 11
109 38
104 73
199 2
25 14
202 20
148 13
239 0
123 44
5 76
205 24
22 185
100 34
156 12
125 74
229 6
106 62
152 74
26 189
74 72
182 5
23 213
182 16
21 5
76 21
59 11
184 40
51 61
206 31
178 52
92 71
137 53
62 28
175 12
204 32
91 22
9 88
136 88
91 45
157 46
0 122
3 103
192 26
86 123
67 58
116 81
4 51
195 2
9
122 91
123 15
231 3
159 36
231 6
99 89
131 4
102 118
6 175
71
131 97
203 11
100 129
90 102
168 65
64 49
130 54
139 39
8 2
179 46
38 50
221 16
137 69
82 110
90 51
149 7
134 100
58 27
46 157
23 13
141 73
231 8
167 53
96 117
119 6
94 124
67 57
59 9
99 89
57 174
187 37
229 5
180 6
11 98
143 1
163 4
138 94
235 1
93 40
34 188
131 71
184 35
47 106
58 65
180 18
223 14
113 123
31 137
157 82
188 8
196 10
214 0
44 141
175 26
93 99
194 42
95 92
236 3
97 28
220 4
8 173
205 2
201 15
106 59
57 155
229 2
159 47
214 14
5 232
79 133
28 100
1
27 145
98
76 46
154 39
17 67
111 7
220 18
113 97
101 115
150 7
176 20
51 146
214 12
153 45
217 3
27 164
76 11
125 20
188 23
170 20
201 33
231 4
145 10
193 24
67 99
148 37
135 28
16 171
103 75
130 104
73 146
86 9
151 40
135 97
120 55
21 54
235 0
113 3
221 2
47 10
209 24
116 5
194 24
167 29
167 46
89 45
221 14
47 19
148 21
154 48
180 36
103 61
142 47
46 30
222 8
141 57
199 11
185 23
222 2
102 123
122 107
237 0
86 40
136 2
223 4
34 144
86 149
86 3
194 4
39 145
67 105
13 74
116 123
237 0
71 85
8 131
214 3
214 11
46 157
173 15
22 135
9 108
167 43
31 31
145 79
189 44
120 66
225 7
14 144
1 189
195 11
35 79
129 104
185 17
217 7
134 84
51 1
28 20
180 41
53 84
69
229 10
179 54
123 28
35 189
154 36
29 130
186 9
116 95
170 47
9 54
61 58
212 13
108 2
158 21
112 55
213 17
121 24
206 29
96 45
6 53
37 151
63 82
232 0
232 0
152 9
10 201
171 47
7 40
127 1
214 14
92 113
19 84
53 91
118 81
43 153
63 51
91 106
141 34
208 18
20 79
82 2
13 223
124 5
174 51
166 16
174 43
23 44
183 37
201 21
108 49
105 46
164 69
145 27
107 52
69 84
117 87
34 158
94 125
224 3
150 61
4 117
214 13
8 21
37 2
158 9
134 1
197 37
161 77
41 14
14
174 19
104 80
127 3
112 39
188 31
169 33
213 19
84 45
152 3
129 75
124 39
86 31
95 42
65 134
56
168 70
227 5
102 109
102 87
224 7
144 40
13 125
45 146
158 20
46 70
156 69
211 7
180 9
7 31
192 32
222 2
120 60
20 32
182 12
111 36
222 6
55 102
112 111
238 0
168 67
177 2
19 190
166 71
147 58
142 32
96 26
202 12
105 64
143 50
196 12
174 33
64 143
18 180
81 72
40 100
131 31
162 29
78 101
188 13
141 68
205 7
213 11
174 64
75 139
67 79
191 42
9 220
229 7
160 36
228 11
205 30
83
42 120
167 46
173 34
107 113
142 57
95 90
194 34
180 36
62 169
122 54
232 5
206 10
167 52
198 1
199 28
94 117
97 75
171 21
134 30
29 122
87 47
49 18
41 124
162 0
107 40
166 30
83 6
57 19
130 90
64 22
187 34
171 60
92 128
125 69
40 145
89 39
29 5
125 100
227 6
133 73
5 217
225 7
214 0
67 154
15 143
152 38
155 8
121 56
128 16
28 129
142 28
123 2
185 1
214 6
138 94
33 55
227 5
1 98
157 3
42 144
132 75
121 11
113 96
182 40
74 48
172 46
199 28
139 92
166 39
234 0
4 164
63 143
132 14
154 9
22 214
155 56
118 56
204 7
159 65
96 62
141 86
68 33
79 144
79
63 105
36 202
141 44
151 38
80 68
230 7
118 79
177 32
218 13
36 112
45 57
48 29
158 14
124 33
36 44
105 74
53 36
91 118
113 21
141 68
94 38
124 43
56 83
218 11
204 27
217 18
43 159
40 23
217 17
68 135
1 162
201 31
10 138
184 50
197 27
238 1
124 20
109 17
203 29
4 174
196 43
40 125
134 22
136 90
11 220
17 80
42 18
10 70
210 28
220 5
194 24
119 116
0 222
176 50
21 108
140 52
99 83
138 31
121 50
216 13
42 39
70 12
67 157
80 30
142 48
158 32
92 62
207 13
183 47
52 72
236 1
29 40
215 20
38 127
163 54
179 4
52 179
203 4
81 80
35
139 42
113 53
212 13
205 20
100 1
93 4
215 24
64 112
37 192
98 135
82 54
199 18
198 21
224 10
204 7
34 43
19 146
40 50
123 54
184 50
137 40
65 37
197 19
91 86
228 10
53 103
110 37
239 0
197 13
45 95
24 195
103 74
174 44
118 106
184 13
74
148 91
120 97
150 5
159 60
24 57
147 37
158 38
93 33
89 53
91 92
164 3
209 8
182 32
128 72
195 3
195 43
174 25
145 76
230 7
89 90
165 2
21 48
117 17
185 49
81 123
29 187
93 80
49 139
93 106
155 36
124 87
129 60
78 134
215 20
92 50
118 37
5 182
142 11
190 0
204 9
11 32
39 199
154 66
167 15
151 22
40 111
172 39
67 163
0 180
118 76
85 55
229 7
143 19
51 9
226 1
114 61
89 65
70 20
127 68
54 34
214 10
61 73
174 59
197 19
87 2
49 35
22 61
51 73
72 76
45 29
102 83
187 0
221 17
229 5
66
117 72
59 17
193 30
170 46
232 4
216 22
181 40
210 25
217 11
115 87
159 62
195 15
40 37
0 95
37 98
87 131
58 131
97 126
117 49
196 29
121 21
207 10
69 76
48 74
217 12
4 135
114 50
146 82
171 66
213 17
143 71
129 107
100 58
139 98
9 28
88 68
215 10
228 6
38 1
81 157
156 10
118 39
26 107
78 104
153 3
213 21
151 78
69 121
223 2
139 15
45 99
113 86
98 69
68 95
183 48
74 31
195 12
87 85
84 110
190 16
200 12
96 55
107 16
69 117
201 5
191 48
52
50 65
117 117
94 63
115 13
234 0
181 15
125 106
161 2
171 35
72 62
210 18
160 70
89 106
91 9
173 45
1 125
41 118
32 131
97 142
230 5
75 163
93 12
42 120
109 89
148 2
157 36
6 135
101 118
145 47
43 128
29 194
57 2
197 10
237 2
221 1
23 26
99 63
107 85
105 76
28 112
62 168
61 14
93 40
156 80
170 20
34 75
217 11
143 81
23 168
224 8
130 98
27 109
67
119 91
219 20
84 138
166 29
67 137
186 51
26 125
176 37
61 166
41 102
213 13
159 25
65 111
236 2
19 19
174 21
135 92
101 84
177 19
86 69
108 26
150 12
84 142
237 0
48 67
69 150
226 13
33 94
89 27
187 50
118 112
127 44
181 58
204 6
157 14
67 2
92 27
94 122
38 60
167 39
124 38
201 15
31 19
197 2
119 28
178 28
118 51
202 8
31 17
11 93
233 3
188 11
192 11
112 90
237 2
147 14
55 32
79 62
210 7
77 24
46 122
235 4
98 26
19 29
13 54
151 54
83 77
10
1 23
62 16
212 25
59 25
28 203
183 42
166 16
102 29
31 138
40 115
14
15 141
168 39
40 190
125 39
194 43
39 110
190 35
30 148
79 58
226 2
113 6
218 7
85 0
165 16
77
7 20
170 68
56 41
123 111
208 12
82 19
207 2
98 73
185 26
206 5
73 10
1 121
48 104
48 31
13 35
187 28
214 22
74 114
109 35
134 43
34 172
238 1
31 122
33 8
120 4
27 58
199 25
230 5
129 83
130 83
192 44
135 26
112 25
87 67
127 100
162 51
82 2
52 110
81 8
150 55
54 130
230 9
222 9
146 84
55 144
160 40
28 66
27 30
119 60
188 5
93 56
20 4
89 120
49 99
154 53
101 9
93 58
56 60
150 66
104 1
71 131
121 90
143 24
126 110
87 58
67 93
7 111
142 16
135 98
167 41
21 214
108 83
45 76
154 81
109 42
111 111
175 16
78
28 194
152 33
160 1
5 175
123 74
172 17
124 96
226 8
104 70
122 4
10 24
237 0
44 182
233 1
224 15
67 5
101 65
114 86
223 10
7 77
143 4
112 3
113 95
30 170
123 110
134 91
53 107
227 7
120 89
124 57
8 54
28 27
37 94
80 152
6 183
60 92
199 9
132 57
99 88
190 29
112 124
179 50
40 33
68 58
239 0
87 80
8 77
100 13
35 111
110 2
92 110
134 83
141 63
202 3
233 3
99 60
139 55
160 75
18 214
163 46
110 57
40 83
73 140
204 1
154 71
166 43
107 46
147 72
86 92
136 77
71 64
237 2
71 76
235 3
196 36
182 27
113 79
192 2
6
58 141
215 18
232 5
174 35
36 79
11 210
67
196 32
222 15
60 81
220 14
19 105
58 46
28 201
4 9
77 15
63 88
156 76
58 46
47 91
31 91
226 9
21 120
18 114
116 57
175 50
46 143
149 68
166 54
157 5
91 139
170 68
86 135
188 23
10 28
238 1
238 1
177 12
95 79
235 4
190 48
220 18
74 77
209 19
123 94
229 9
131 36
115 105
20 88
189 2
163 45
147 45
15 106
197 39
61 170
43 78
34 100
167 55
63 119
144 60
193 45
204 4
179 8
57 128
233 0
10 107
162 38
151 3
218 7
230 0
52 12
18 52
102 78
136 89
